vertex: 1
-0.04772838577628136 -0.12695908546447754 1.6189689636230469
   mixamorig2:Head 1.0
vertex: 2
-0.037652913480997086 -0.13809096813201904 1.6246291399002075
   mixamorig2:Head 1.0
vertex: 3
-0.05661948770284653 -0.13408629596233368 1.6207787990570068
   mixamorig2:Head 1.0
vertex: 4
-0.04654401168227196 -0.14521817862987518 1.6264389753341675
   mixamorig2:Head 1.0
vertex: 5
-0.04209846630692482 -0.14165456593036652 1.6255340576171875
   mixamorig2:Head 1.0
vertex: 6
-0.051581744104623795 -0.13965223729610443 1.6236088275909424
   mixamorig2:Head 1.0
vertex: 7
-0.05217393487691879 -0.130522683262825 1.6198737621307373
   mixamorig2:Head 1.0
vertex: 8
-0.0430477038025856 -0.13252508640289307 1.6224732398986816
   mixamorig2:Head 1.0
vertex: 9
-0.047068241983652115 -0.13662241399288177 1.6215331554412842
   mixamorig2:Head 1.0
vertex: 10
-0.05439670383930206 -0.13230448961257935 1.6203261613845825
   mixamorig2:Head 1.0
vertex: 11
-0.04960409551858902 -0.1337059885263443 1.620410680770874
   mixamorig2:Head 1.0
vertex: 12
-0.049951158463954926 -0.12874087691307068 1.619421362876892
   mixamorig2:Head 1.0
vertex: 13
-0.04547731578350067 -0.1297420859336853 1.6208605766296387
   mixamorig2:Head 1.0
vertex: 14
-0.04499635845422745 -0.13470718264579773 1.6216117143630981
   mixamorig2:Head 1.0
vertex: 15
-0.04043958708643913 -0.13530802726745605 1.6238893270492554
   mixamorig2:Head 1.0
vertex: 16
-0.03987569734454155 -0.13987277448177338 1.6250815391540527
   mixamorig2:Head 1.0
vertex: 17
-0.04906288534402847 -0.1424352079629898 1.6250239610671997
   mixamorig2:Head 1.0
vertex: 18
-0.049263376742601395 -0.138270765542984 1.6221989393234253
   mixamorig2:Head 1.0
vertex: 19
-0.04456636309623718 -0.13927194476127625 1.6232409477233887
   mixamorig2:Head 1.0
vertex: 20
-0.044321246445178986 -0.14343637228012085 1.6259864568710327
   mixamorig2:Head 1.0
vertex: 21
-0.05410061404109001 -0.13686925172805786 1.622193694114685
   mixamorig2:Head 1.0
vertex: 22
-0.04676840454339981 -0.1409536600112915 1.6238532066345215
   mixamorig2:Head 1.0
vertex: 23
-0.05180613324046135 -0.13538771867752075 1.621023178100586
   mixamorig2:Head 1.0
vertex: 24
-0.04749448224902153 -0.13182412087917328 1.620356559753418
   mixamorig2:Head 1.0
vertex: 25
-0.04245675727725029 -0.13739006221294403 1.623186707496643
   mixamorig2:Head 1.0
vertex: 26
-0.04559653624892235 -0.13218677043914795 1.6209642887115479
   mixamorig2:Head 1.0
vertex: 27
-0.032751746475696564 -0.13801509141921997 1.6258809566497803
   mixamorig2:Head 1.0
vertex: 28
-0.051277484744787216 -0.14146451652050018 1.6248081922531128
   mixamorig2:Head 1.0
vertex: 29
-0.03843269497156143 -0.1472928375005722 1.6297247409820557
   mixamorig2:Head 1.0
vertex: 30
-0.035592224448919296 -0.14265397191047668 1.627591848373413
   mixamorig2:Head 1.0
vertex: 31
-0.044855084270238876 -0.1443786770105362 1.627266526222229
   mixamorig2:Head 1.0
vertex: 32
-0.048437003046274185 -0.13682565093040466 1.6228861808776855
   mixamorig2:Head 1.0
vertex: 33
-0.0394495353102684 -0.13509990274906158 1.6242344379425049
   mixamorig2:Head 1.0
vertex: 34
-0.04187406599521637 -0.14043688774108887 1.6241509914398193
   mixamorig2:Head 1.0
vertex: 35
-0.0498572438955307 -0.13914507627487183 1.6238471269607544
   mixamorig2:Head 1.0
vertex: 36
-0.04512040689587593 -0.13880552351474762 1.6232202053070068
   mixamorig2:Head 1.0
vertex: 37
-0.047016773372888565 -0.1345062106847763 1.6219253540039062
   mixamorig2:Head 1.0
vertex: 38
-0.0425918884575367 -0.13364307582378387 1.6228406429290771
   mixamorig2:Head 1.0
vertex: 39
-0.04059223830699921 -0.13794279098510742 1.6237586736679077
   mixamorig2:Head 1.0
vertex: 40
-0.03616948798298836 -0.13655723631381989 1.6252326965332031
   mixamorig2:Head 1.0
vertex: 41
-0.03417198359966278 -0.14033453166484833 1.6268420219421387
   mixamorig2:Head 1.0
vertex: 42
-0.0416438952088356 -0.1458357572555542 1.6284955739974976
   mixamorig2:Head 1.0
vertex: 43
-0.04329501464962959 -0.14258217811584473 1.6253201961517334
   mixamorig2:Head 1.0
vertex: 44
-0.03869800642132759 -0.14171969890594482 1.625678539276123
   mixamorig2:Head 1.0
vertex: 45
-0.03701246529817581 -0.14497339725494385 1.6287637948989868
   mixamorig2:Head 1.0
vertex: 46
-0.048066288232803345 -0.1429215967655182 1.6260372400283813
   mixamorig2:Head 1.0
vertex: 47
-0.04011877626180649 -0.1439085304737091 1.626795768737793
   mixamorig2:Head 1.0
vertex: 48
-0.04654117673635483 -0.1409943699836731 1.6243374347686768
   mixamorig2:Head 1.0
vertex: 49
-0.04380396381020546 -0.13635510206222534 1.6226857900619507
   mixamorig2:Head 1.0
vertex: 50
-0.037381574511528015 -0.13926926255226135 1.625144124031067
   mixamorig2:Head 1.0
vertex: 51
-0.04222043603658676 -0.1353876143693924 1.6240346431732178
   mixamorig2:Head 1.0
vertex: 52
-0.02734503708779812 -0.13717588782310486 1.6247618198394775
   mixamorig2:Head 1.0
vertex: 53
-0.04369884356856346 -0.14593026041984558 1.6284735202789307
   mixamorig2:Head 1.0
vertex: 54
-0.028823446482419968 -0.14771851897239685 1.6291793584823608
   mixamorig2:Head 1.0
vertex: 55
-0.02808423712849617 -0.14244720339775085 1.6269550323486328
   mixamorig2:Head 1.0
vertex: 56
-0.036261145025491714 -0.14682438969612122 1.628826379776001
   mixamorig2:Head 1.0
vertex: 57
-0.042959634214639664 -0.14065894484519958 1.626249074935913
   mixamorig2:Head 1.0
vertex: 58
-0.03482908383011818 -0.13640500605106354 1.6251850128173828
   mixamorig2:Head 1.0
vertex: 59
-0.03553738445043564 -0.14208942651748657 1.6255688667297363
   mixamorig2:Head 1.0
vertex: 60
-0.04332924261689186 -0.14329460263252258 1.6273612976074219
   mixamorig2:Head 1.0
vertex: 61
-0.039252374321222305 -0.1415082812309265 1.6256506443023682
   mixamorig2:Head 1.0
vertex: 62
-0.04259003698825836 -0.1380232721567154 1.6251368522644043
   mixamorig2:Head 1.0
vertex: 63
-0.038536347448825836 -0.13592712581157684 1.6246997117996216
   mixamorig2:Head 1.0
vertex: 64
-0.035181306302547455 -0.13936589658260345 1.6249642372131348
   mixamorig2:Head 1.0
vertex: 65
-0.03109864704310894 -0.13682125508785248 1.625052809715271
   mixamorig2:Head 1.0
vertex: 66
-0.02771463803946972 -0.13981154561042786 1.625842809677124
   mixamorig2:Head 1.0
vertex: 67
-0.03254229575395584 -0.14727145433425903 1.6290029287338257
   mixamorig2:Head 1.0
vertex: 68
-0.03589733690023422 -0.1445755958557129 1.6268562078475952
   mixamorig2:Head 1.0
vertex: 69
-0.03181467577815056 -0.14240241050720215 1.6260037422180176
   mixamorig2:Head 1.0
vertex: 70
-0.028453847393393517 -0.14508286118507385 1.6280672550201416
   mixamorig2:Head 1.0
vertex: 71
-0.03997999429702759 -0.1463773250579834 1.6286498308181763
   mixamorig2:Head 1.0
vertex: 72
-0.03217703476548195 -0.14492595195770264 1.6272473335266113
   mixamorig2:Head 1.0
vertex: 73
-0.039614733308553696 -0.144031822681427 1.626894235610962
   mixamorig2:Head 1.0
vertex: 74
-0.03889291360974312 -0.13880671560764313 1.624919056892395
   mixamorig2:Head 1.0
vertex: 75
-0.03145521506667137 -0.13970084488391876 1.6252721548080444
   mixamorig2:Head 1.0
vertex: 76
-0.03757498413324356 -0.13637150824069977 1.6249521970748901
   mixamorig2:Head 1.0
vertex: 77
-0.022291768342256546 -0.13689042627811432 1.6234757900238037
   mixamorig2:Head 1.0
vertex: 78
-0.03756290301680565 -0.14711984992027283 1.629170536994934
   mixamorig2:Head 1.0
vertex: 79
-0.02224593795835972 -0.1476421058177948 1.6276618242263794
   mixamorig2:Head 1.0
vertex: 80
-0.022268857806921005 -0.14226627349853516 1.6255688667297363
   mixamorig2:Head 1.0
vertex: 81
-0.029904427006840706 -0.1473809778690338 1.6284162998199463
   mixamorig2:Head 1.0
vertex: 82
-0.03763516619801521 -0.141740620136261 1.6270687580108643
   mixamorig2:Head 1.0
vertex: 83
-0.02985565736889839 -0.13672475516796112 1.625391960144043
   mixamorig2:Head 1.0
vertex: 84
-0.030049648135900497 -0.14259076118469238 1.6253337860107422
   mixamorig2:Head 1.0
vertex: 85
-0.037591904401779175 -0.14443065226078033 1.6281239986419678
   mixamorig2:Head 1.0
vertex: 86
-0.033875416964292526 -0.14231042563915253 1.626009464263916
   mixamorig2:Head 1.0
vertex: 87
-0.03761563450098038 -0.13905534148216248 1.6260085105895996
   mixamorig2:Head 1.0
vertex: 88
-0.03370670601725578 -0.1365697830915451 1.6255401372909546
   mixamorig2:Head 1.0
vertex: 89
-0.029972607269883156 -0.13979269564151764 1.6250100135803223
   mixamorig2:Head 1.0
vertex: 90
-0.026064107194542885 -0.13683749735355377 1.6244531869888306
   mixamorig2:Head 1.0
vertex: 91
-0.022280307486653328 -0.13957834243774414 1.62452232837677
   mixamorig2:Head 1.0
vertex: 92
-0.026075176894664764 -0.1475115418434143 1.628039002418518
   mixamorig2:Head 1.0
vertex: 93
-0.030036287382245064 -0.1451217085123062 1.6263870000839233
   mixamorig2:Head 1.0
vertex: 94
-0.026206107810139656 -0.1425791233778 1.6250032186508179
   mixamorig2:Head 1.0
vertex: 95
-0.022257396951317787 -0.14495418965816498 1.6266154050827026
   mixamorig2:Head 1.0
vertex: 96
-0.03373366594314575 -0.14725041389465332 1.628793478012085
   mixamorig2:Head 1.0
vertex: 97
-0.026174446567893028 -0.145146444439888 1.6262127161026
   mixamorig2:Head 1.0
vertex: 98
-0.033858686685562134 -0.14488111436367035 1.627053141593933
   mixamorig2:Head 1.0
vertex: 99
-0.033800963312387466 -0.13954181969165802 1.6254868507385254
   mixamorig2:Head 1.0
vertex: 100
-0.026166917756199837 -0.13980914652347565 1.6244351863861084
   mixamorig2:Head 1.0
vertex: 101
-0.0319572351872921 -0.13806505501270294 1.625443696975708
   mixamorig2:Head 1.0
vertex: 102
-0.01944669708609581 -0.13485844433307648 1.6207680702209473
   mixamorig2:Head 1.0
vertex: 103
-0.029052648693323135 -0.14453788101673126 1.6294044256210327
   mixamorig2:Head 1.0
vertex: 104
-0.015800008550286293 -0.1413019597530365 1.6248539686203003
   mixamorig2:Head 1.0
vertex: 105
-0.017746157944202423 -0.13806617259979248 1.6225913763046265
   mixamorig2:Head 1.0
vertex: 106
-0.022410279139876366 -0.14292283356189728 1.6271727085113525
   mixamorig2:Head 1.0
vertex: 107
-0.03050493635237217 -0.1413014680147171 1.6274240016937256
   mixamorig2:Head 1.0
vertex: 108
-0.025163797661662102 -0.1364128291606903 1.6237064599990845
   mixamorig2:Head 1.0
vertex: 109
-0.02396455779671669 -0.14024247229099274 1.6244951486587524
   mixamorig2:Head 1.0
vertex: 110
-0.029778797179460526 -0.14291967451572418 1.628414273262024
   mixamorig2:Head 1.0
vertex: 111
-0.02725895680487156 -0.14091186225414276 1.6257820129394531
   mixamorig2:Head 1.0
vertex: 112
-0.031231088563799858 -0.13968326151371002 1.6264338493347168
   mixamorig2:Head 1.0
vertex: 113
-0.02852007932960987 -0.13723112642765045 1.6247683763504028
   mixamorig2:Head 1.0
vertex: 114
-0.024613557383418083 -0.13846899569034576 1.623875379562378
   mixamorig2:Head 1.0
vertex: 115
-0.022166088223457336 -0.13556984066963196 1.6226133108139038
   mixamorig2:Head 1.0
vertex: 116
-0.01872429810464382 -0.13646332919597626 1.6216490268707275
   mixamorig2:Head 1.0
vertex: 117
-0.019090287387371063 -0.14211125671863556 1.6260558366775513
   mixamorig2:Head 1.0
vertex: 118
-0.023230958729982376 -0.14172695577144623 1.6255955696105957
   mixamorig2:Head 1.0
vertex: 119
-0.020830316469073296 -0.13924917578697205 1.6236398220062256
   mixamorig2:Head 1.0
vertex: 120
-0.01670626737177372 -0.1396777629852295 1.6236770153045654
   mixamorig2:Head 1.0
vertex: 121
-0.025731459259986877 -0.14373035728931427 1.6282885074615479
   mixamorig2:Head 1.0
vertex: 122
-0.019951608031988144 -0.14078623056411743 1.6246449947357178
   mixamorig2:Head 1.0
vertex: 123
-0.026528509333729744 -0.14242888987064362 1.6268582344055176
   mixamorig2:Head 1.0
vertex: 124
-0.027922818437218666 -0.1391792744398117 1.625059962272644
   mixamorig2:Head 1.0
vertex: 125
-0.021605586633086205 -0.13750942051410675 1.622987985610962
   mixamorig2:Head 1.0
vertex: 126
-0.02692507766187191 -0.13751737773418427 1.624551773071289
   mixamorig2:Head 1.0
vertex: 127
-0.016208957880735397 -0.13335372507572174 1.618152379989624
   mixamorig2:Head 1.0
vertex: 128
-0.025461027398705482 -0.13933543860912323 1.6263673305511475
   mixamorig2:Head 1.0
vertex: 129
-0.014146006666123867 -0.13521939516067505 1.619842290878296
   mixamorig2:Head 1.0
vertex: 130
-0.015268596820533276 -0.13428175449371338 1.6189274787902832
   mixamorig2:Head 1.0
vertex: 131
-0.019724728539586067 -0.1372690498828888 1.6236306428909302
   mixamorig2:Head 1.0
vertex: 132
-0.026191048324108124 -0.13842613995075226 1.625470519065857
   mixamorig2:Head 1.0
vertex: 133
-0.021520966663956642 -0.13524381816387177 1.6224416494369507
   mixamorig2:Head 1.0
vertex: 134
-0.020825598388910294 -0.1368100643157959 1.6225389242172241
   mixamorig2:Head 1.0
vertex: 135
-0.025825638324022293 -0.13888072967529297 1.6259220838546753
   mixamorig2:Head 1.0
vertex: 136
-0.023195557296276093 -0.13776519894599915 1.6237801313400269
   mixamorig2:Head 1.0
vertex: 137
-0.026557477191090584 -0.1379716694355011 1.6250108480453491
   mixamorig2:Head 1.0
vertex: 138
-0.023873677477240562 -0.13636794686317444 1.623376727104187
   mixamorig2:Head 1.0
vertex: 139
-0.021225398406386375 -0.13616515696048737 1.6223697662353516
   mixamorig2:Head 1.0
vertex: 140
-0.0195208378136158 -0.1342068612575531 1.6203832626342773
   mixamorig2:Head 1.0
vertex: 141
-0.015753956511616707 -0.13381680846214294 1.6185327768325806
   mixamorig2:Head 1.0
vertex: 142
-0.017385337501764297 -0.13621562719345093 1.6215713024139404
   mixamorig2:Head 1.0
vertex: 143
-0.02032174915075302 -0.13717839121818542 1.6229559183120728
   mixamorig2:Head 1.0
vertex: 144
-0.018726468086242676 -0.13561882078647614 1.6205573081970215
   mixamorig2:Head 1.0
vertex: 145
-0.014725707471370697 -0.1347498595714569 1.6193612813949585
   mixamorig2:Head 1.0
vertex: 146
-0.022411838173866272 -0.13831736147403717 1.6249313354492188
   mixamorig2:Head 1.0
vertex: 147
-0.01812194660305977 -0.13601963222026825 1.6209467649459839
   mixamorig2:Head 1.0
vertex: 148
-0.022814607247710228 -0.13814711570739746 1.6242611408233643
   mixamorig2:Head 1.0
vertex: 149
-0.023549295961856842 -0.13717202842235565 1.6234873533248901
   mixamorig2:Head 1.0
vertex: 150
-0.019185908138751984 -0.13501493632793427 1.6203750371932983
   mixamorig2:Head 1.0
vertex: 151
-0.019396306946873665 -0.13567091524600983 1.6164766550064087
   mixamorig2:Head 1.0
vertex: 152
-0.03222101554274559 -0.1372855007648468 1.615127682685852
   mixamorig2:Head 1.0
vertex: 153
-0.018438078463077545 -0.13838107883930206 1.6158030033111572
   mixamorig2:Head 1.0
vertex: 154
-0.0316627137362957 -0.13996447622776031 1.6138741970062256
   mixamorig2:Head 1.0
vertex: 155
-0.031941864639520645 -0.13862499594688416 1.6145009994506836
   mixamorig2:Head 1.0
vertex: 156
-0.02482963725924492 -0.13919079303741455 1.6151585578918457
   mixamorig2:Head 1.0
vertex: 157
-0.01897037774324417 -0.1370602399110794 1.6161139011383057
   mixamorig2:Head 1.0
vertex: 158
-0.02537306770682335 -0.13655853271484375 1.6162586212158203
   mixamorig2:Head 1.0
vertex: 159
-0.025146307423710823 -0.13797466456890106 1.6156420707702637
   mixamorig2:Head 1.0
vertex: 160
-0.018717776983976364 -0.13772933185100555 1.6159517765045166
   mixamorig2:Head 1.0
vertex: 161
-0.022066527977585793 -0.13754265010356903 1.6161761283874512
   mixamorig2:Head 1.0
vertex: 162
-0.019191568717360497 -0.13637086749076843 1.6162912845611572
   mixamorig2:Head 1.0
vertex: 163
-0.022390376776456833 -0.1361364871263504 1.6164904832839966
   mixamorig2:Head 1.0
vertex: 164
-0.025270966812968254 -0.13729162514209747 1.6159662008285522
   mixamorig2:Head 1.0
vertex: 165
-0.02877344749867916 -0.13692595064640045 1.6155980825424194
   mixamorig2:Head 1.0
vertex: 166
-0.032081443816423416 -0.13795524835586548 1.614814281463623
   mixamorig2:Head 1.0
vertex: 167
-0.02823851816356182 -0.1395745575428009 1.6145641803741455
   mixamorig2:Head 1.0
vertex: 168
-0.024998947978019714 -0.13860763609409332 1.6154193878173828
   mixamorig2:Head 1.0
vertex: 169
-0.028535697609186172 -0.13832373917102814 1.6152089834213257
   mixamorig2:Head 1.0
vertex: 170
-0.03180229291319847 -0.13929474353790283 1.6141875982284546
   mixamorig2:Head 1.0
vertex: 171
-0.021641146391630173 -0.1387946456670761 1.6155768632888794
   mixamorig2:Head 1.0
vertex: 172
-0.028394537046551704 -0.13896752893924713 1.6149569749832153
   mixamorig2:Head 1.0
vertex: 173
-0.02186695858836174 -0.13818800449371338 1.6159123182296753
   mixamorig2:Head 1.0
vertex: 174
-0.022238347679376602 -0.13685739040374756 1.6163698434829712
   mixamorig2:Head 1.0
vertex: 175
-0.02866198681294918 -0.13764320313930511 1.615403652191162
   mixamorig2:Head 1.0
vertex: 176
-0.022915447130799294 -0.13680298626422882 1.6168245077133179
   mixamorig2:Head 1.0
vertex: 177
-0.03753356635570526 -0.136365607380867 1.6145908832550049
   mixamorig2:Head 1.0
vertex: 178
-0.02263597771525383 -0.1417389065027237 1.614184021949768
   mixamorig2:Head 1.0
vertex: 179
-0.0372663252055645 -0.14130672812461853 1.6119248867034912
   mixamorig2:Head 1.0
vertex: 180
-0.03739994391798973 -0.13883616030216217 1.613257884979248
   mixamorig2:Head 1.0
vertex: 181
-0.029949676245450974 -0.14152218401432037 1.6130574941635132
   mixamorig2:Head 1.0
vertex: 182
-0.022777589038014412 -0.13927173614501953 1.6155004501342773
   mixamorig2:Head 1.0
vertex: 183
-0.030146736651659012 -0.13654378056526184 1.6152706146240234
   mixamorig2:Head 1.0
vertex: 184
-0.030207866802811623 -0.1394985318183899 1.615110158920288
   mixamorig2:Head 1.0
vertex: 185
-0.022706668823957443 -0.14050526916980743 1.6148426532745361
   mixamorig2:Head 1.0
vertex: 186
-0.026523737236857414 -0.1394968032836914 1.6154588460922241
   mixamorig2:Head 1.0
vertex: 187
-0.022847488522529602 -0.138037770986557 1.6161603927612305
   mixamorig2:Head 1.0
vertex: 188
-0.026514166966080666 -0.13666431605815887 1.6159093379974365
   mixamorig2:Head 1.0
vertex: 189
-0.030217228457331657 -0.138137549161911 1.6154084205627441
   mixamorig2:Head 1.0
vertex: 190
-0.033822495490312576 -0.1364453285932541 1.6148219108581543
   mixamorig2:Head 1.0
vertex: 191
-0.03746675327420235 -0.1376008838415146 1.6139243841171265
   mixamorig2:Head 1.0
vertex: 192
-0.03360799700021744 -0.14141446352005005 1.6124911308288574
   mixamorig2:Head 1.0
vertex: 193
-0.030118707567453384 -0.14062675833702087 1.6143196821212769
   mixamorig2:Head 1.0
vertex: 194
-0.033835045993328094 -0.1392790824174881 1.6143637895584106
   mixamorig2:Head 1.0
vertex: 195
-0.037333134561777115 -0.14007145166397095 1.6125913858413696
   mixamorig2:Head 1.0
vertex: 196
-0.026292096823453903 -0.14163023233413696 1.6136224269866943
   mixamorig2:Head 1.0
vertex: 197
-0.0337514653801918 -0.14043405652046204 1.6136044263839722
   mixamorig2:Head 1.0
vertex: 198
-0.026437707245349884 -0.14065073430538177 1.6147310733795166
   mixamorig2:Head 1.0
vertex: 199
-0.026549527421593666 -0.1381681263446808 1.6157029867172241
   mixamorig2:Head 1.0
vertex: 200
-0.03385871276259422 -0.13794949650764465 1.614769697189331
   mixamorig2:Head 1.0
vertex: 201
-0.02788884937763214 -0.138208270072937 1.6148951053619385
   mixamorig2:Head 1.0
vertex: 202
-0.04188264533877373 -0.13302312791347504 1.6156690120697021
   mixamorig2:Head 1.0
vertex: 203
-0.030273668467998505 -0.14431454241275787 1.6124929189682007
   mixamorig2:Head 1.0
vertex: 204
-0.04426746442914009 -0.1391294151544571 1.6131800413131714
   mixamorig2:Head 1.0
vertex: 205
-0.04307505488395691 -0.13607627153396606 1.6144245862960815
   mixamorig2:Head 1.0
vertex: 206
-0.03727056458592415 -0.14172197878360748 1.6128363609313965
   mixamorig2:Head 1.0
vertex: 207
-0.029081258922815323 -0.14126139879226685 1.6137374639511108
   mixamorig2:Head 1.0
vertex: 208
-0.03493625670671463 -0.13570113480091095 1.6149417161941528
   mixamorig2:Head 1.0
vertex: 209
-0.036152977496385574 -0.13895060122013092 1.6146833896636963
   mixamorig2:Head 1.0
vertex: 210
-0.029677467420697212 -0.14278797805309296 1.6131151914596558
   mixamorig2:Head 1.0
vertex: 211
-0.03263581544160843 -0.1401764303445816 1.614361047744751
   mixamorig2:Head 1.0
vertex: 212
-0.02848505787551403 -0.13973483443260193 1.614359736442566
   mixamorig2:Head 1.0
vertex: 213
-0.031425174325704575 -0.13697606325149536 1.614865779876709
   mixamorig2:Head 1.0
vertex: 214
-0.03555700555443764 -0.13738562166690826 1.6150110960006714
   mixamorig2:Head 1.0
vertex: 215
-0.03842207416892052 -0.13438349962234497 1.6152093410491943
   mixamorig2:Head 1.0
vertex: 216
-0.04247884824872017 -0.13454970717430115 1.6150468587875366
   mixamorig2:Head 1.0
vertex: 217
-0.04076901450753212 -0.1404256969690323 1.6130082607269287
   mixamorig2:Head 1.0
vertex: 218
-0.036724165081977844 -0.14039602875709534 1.6139585971832275
   mixamorig2:Head 1.0
vertex: 219
-0.03963271528482437 -0.1375838667154312 1.6147046089172363
   mixamorig2:Head 1.0
vertex: 220
-0.04367125406861305 -0.13760283589363098 1.6138023138046265
   mixamorig2:Head 1.0
vertex: 221
-0.03377211466431618 -0.14301826059818268 1.6126645803451538
   mixamorig2:Head 1.0
vertex: 222
-0.040210165083408356 -0.13904960453510284 1.614005446434021
   mixamorig2:Head 1.0
vertex: 223
-0.03321326524019241 -0.14164216816425323 1.613661766052246
   mixamorig2:Head 1.0
vertex: 224
-0.03203979507088661 -0.13862107694149017 1.6147624254226685
   mixamorig2:Head 1.0
vertex: 225
-0.039036694914102554 -0.1360284984111786 1.6151058673858643
   mixamorig2:Head 1.0
vertex: 226
-0.033340636640787125 -0.13665032386779785 1.6148009300231934
   mixamorig2:Head 1.0
vertex: 227
-0.04523603618144989 -0.1306079775094986 1.6169798374176025
   mixamorig2:Head 1.0
vertex: 228
-0.03677106648683548 -0.14248837530612946 1.611861228942871
   mixamorig2:Head 1.0
vertex: 229
-0.0487327054142952 -0.13651429116725922 1.614013671875
   mixamorig2:Head 1.0
vertex: 230
-0.046973105520009995 -0.13354980945587158 1.6155152320861816
   mixamorig2:Head 1.0
vertex: 231
-0.042746663093566895 -0.13949598371982574 1.6129412651062012
   mixamorig2:Head 1.0
vertex: 232
-0.03505619615316391 -0.1395697146654129 1.6133309602737427
   mixamorig2:Head 1.0
vertex: 233
-0.03934115543961525 -0.13355852663516998 1.615378975868225
   mixamorig2:Head 1.0
vertex: 234
-0.04106675460934639 -0.13701659440994263 1.6153473854064941
   mixamorig2:Head 1.0
vertex: 235
-0.0359136238694191 -0.14102904498577118 1.612596035003662
   mixamorig2:Head 1.0
vertex: 236
-0.0380910262465477 -0.13842429220676422 1.6145585775375366
   mixamorig2:Head 1.0
vertex: 237
-0.03419835492968559 -0.13810995221138 1.6140660047531128
   mixamorig2:Head 1.0
vertex: 238
-0.03636825457215309 -0.1351112425327301 1.6149482727050781
   mixamorig2:Head 1.0
vertex: 239
-0.04020409658551216 -0.13540922105312347 1.6156635284423828
   mixamorig2:Head 1.0
vertex: 240
-0.042391587048769 -0.13198135793209076 1.6164029836654663
   mixamorig2:Head 1.0
vertex: 241
-0.046098385006189346 -0.13207261264324188 1.6161531209945679
   mixamorig2:Head 1.0
vertex: 242
-0.045731525868177414 -0.13799677789211273 1.613483190536499
   mixamorig2:Head 1.0
vertex: 243
-0.041915684938430786 -0.13838030397891998 1.6144390106201172
   mixamorig2:Head 1.0
vertex: 244
-0.044020816683769226 -0.1353847235441208 1.6156715154647827
   mixamorig2:Head 1.0
vertex: 245
-0.04785367473959923 -0.13503283262252808 1.6147637367248535
   mixamorig2:Head 1.0
vertex: 246
-0.03976457566022873 -0.1409980207681656 1.6123970746994019
   mixamorig2:Head 1.0
vertex: 247
-0.04488257318735123 -0.13678355515003204 1.6147984266281128
   mixamorig2:Head 1.0
vertex: 248
-0.038936253637075424 -0.13980591297149658 1.6136976480484009
   mixamorig2:Head 1.0
vertex: 249
-0.0372336246073246 -0.13685797154903412 1.614976406097412
   mixamorig2:Head 1.0
vertex: 250
-0.043204665184020996 -0.13377109169960022 1.616243600845337
   mixamorig2:Head 1.0
vertex: 251
-0.03885486721992493 -0.1356157809495926 1.6152650117874146
   mixamorig2:Head 1.0
vertex: 252
-0.044889453798532486 -0.12828662991523743 1.6178944110870361
   mixamorig2:Head 1.0
vertex: 253
-0.04274629428982735 -0.13835252821445465 1.6129224300384521
   mixamorig2:Head 1.0
vertex: 254
-0.0503019317984581 -0.12912656366825104 1.6150617599487305
   mixamorig2:Head 1.0
vertex: 255
-0.047441624104976654 -0.12860548496246338 1.6168746948242188
   mixamorig2:Head 1.0
vertex: 256
-0.04696930572390556 -0.13382406532764435 1.6146352291107178
   mixamorig2:Head 1.0
vertex: 257
-0.04079415276646614 -0.13697759807109833 1.6140981912612915
   mixamorig2:Head 1.0
vertex: 258
-0.04279526695609093 -0.13164420425891876 1.6167014837265015
   mixamorig2:Head 1.0
vertex: 259
-0.04505150392651558 -0.13324867188930511 1.6164852380752563
   mixamorig2:Head 1.0
vertex: 260
-0.04176953434944153 -0.13766434788703918 1.6135108470916748
   mixamorig2:Head 1.0
vertex: 261
-0.04304681345820427 -0.1349920779466629 1.6155816316604614
   mixamorig2:Head 1.0
vertex: 262
-0.03982158377766609 -0.1362936794757843 1.6146836280822754
   mixamorig2:Head 1.0
vertex: 263
-0.041034795343875885 -0.13319805264472961 1.6158757209777832
   mixamorig2:Head 1.0
vertex: 264
-0.04395517334342003 -0.13260363042354584 1.616875171661377
   mixamorig2:Head 1.0
vertex: 265
-0.043873678892850876 -0.1303614377975464 1.6172415018081665
   mixamorig2:Head 1.0
vertex: 266
-0.04610974341630936 -0.12847688794136047 1.6173582077026367
   mixamorig2:Head 1.0
vertex: 267
-0.0487334243953228 -0.13161422312259674 1.6153112649917603
   mixamorig2:Head 1.0
vertex: 268
-0.04605269432067871 -0.133647158741951 1.615751028060913
   mixamorig2:Head 1.0
vertex: 269
-0.046439703553915024 -0.13131023943424225 1.6165647506713867
   mixamorig2:Head 1.0
vertex: 270
-0.04885489493608475 -0.12879016995429993 1.6163854598999023
   mixamorig2:Head 1.0
vertex: 271
-0.04487141594290733 -0.13602538406848907 1.6138395071029663
   mixamorig2:Head 1.0
vertex: 272
-0.04761950671672821 -0.13151054084300995 1.6161456108093262
   mixamorig2:Head 1.0
vertex: 273
-0.04398348182439804 -0.1355990320444107 1.6148937940597534
   mixamorig2:Head 1.0
vertex: 274
-0.04207262396812439 -0.13419048488140106 1.615922451019287
   mixamorig2:Head 1.0
vertex: 275
-0.04518275707960129 -0.13096556067466736 1.6170928478240967
   mixamorig2:Head 1.0
vertex: 276
0.04655614122748375 -0.12695881724357605 1.6189697980880737
   mixamorig2:Head 1.0
vertex: 277
0.036087583750486374 -0.13725484907627106 1.6255024671554565
   mixamorig2:Head 1.0
vertex: 278
0.05544744431972504 -0.13408496975898743 1.6207828521728516
   mixamorig2:Head 1.0
vertex: 279
0.04534564167261124 -0.14270375669002533 1.6279616355895996
   mixamorig2:Head 1.0
vertex: 280
0.040446750819683075 -0.14067834615707397 1.6263209581375122
   mixamorig2:Head 1.0
vertex: 281
0.05040816217660904 -0.13943858444690704 1.6237400770187378
   mixamorig2:Head 1.0
vertex: 282
0.05100179463624954 -0.13066552579402924 1.6197152137756348
   mixamorig2:Head 1.0
vertex: 283
0.041609715670347214 -0.13246481120586395 1.6230714321136475
   mixamorig2:Head 1.0
vertex: 284
0.04554865136742592 -0.13664858043193817 1.6220815181732178
   mixamorig2:Head 1.0
vertex: 285
0.05322461202740669 -0.13244706392288208 1.6201684474945068
   mixamorig2:Head 1.0
vertex: 286
0.0484432615339756 -0.13370440900325775 1.620437741279602
   mixamorig2:Head 1.0
vertex: 287
0.048778969794511795 -0.1288839876651764 1.6192618608474731
   mixamorig2:Head 1.0
vertex: 288
0.04434075206518173 -0.12973858416080475 1.6209419965744019
   mixamorig2:Head 1.0
vertex: 289
0.04351068288087845 -0.13468989729881287 1.6222378015518188
   mixamorig2:Head 1.0
vertex: 290
0.03948577120900154 -0.13496710360050201 1.6242623329162598
   mixamorig2:Head 1.0
vertex: 291
0.03815668448805809 -0.13931134343147278 1.6254442930221558
   mixamorig2:Head 1.0
vertex: 292
0.04788144305348396 -0.1408132016658783 1.6260044574737549
   mixamorig2:Head 1.0
vertex: 293
0.04810525104403496 -0.13816243410110474 1.6222999095916748
   mixamorig2:Head 1.0
vertex: 294
0.04345626011490822 -0.13876837491989136 1.6241459846496582
   mixamorig2:Head 1.0
vertex: 295
0.04291677102446556 -0.1414366513490677 1.6273263692855835
   mixamorig2:Head 1.0
vertex: 296
0.05292843282222748 -0.13686811923980713 1.6221973896026611
   mixamorig2:Head 1.0
vertex: 297
0.045526228845119476 -0.13970786333084106 1.6247397661209106
   mixamorig2:Head 1.0
vertex: 298
0.05063433572649956 -0.1353868693113327 1.6210263967514038
   mixamorig2:Head 1.0
vertex: 299
0.046350400894880295 -0.1318211704492569 1.6204209327697754
   mixamorig2:Head 1.0
vertex: 300
0.04136473312973976 -0.13724687695503235 1.6238595247268677
   mixamorig2:Head 1.0
vertex: 301
0.04447048529982567 -0.13218234479427338 1.6210691928863525
   mixamorig2:Head 1.0
vertex: 302
0.031926482915878296 -0.13769954442977905 1.6259434223175049
   mixamorig2:Head 1.0
vertex: 303
0.05011875554919243 -0.14110882580280304 1.6250602006912231
   mixamorig2:Head 1.0
vertex: 304
0.036739423871040344 -0.14492544531822205 1.6313025951385498
   mixamorig2:Head 1.0
vertex: 305
0.03347049281001091 -0.1417461633682251 1.6283482313156128
   mixamorig2:Head 1.0
vertex: 306
0.04373602196574211 -0.1418638527393341 1.628958821296692
   mixamorig2:Head 1.0
vertex: 307
0.04731036350131035 -0.13681496679782867 1.6229948997497559
   mixamorig2:Head 1.0
vertex: 308
0.038687773048877716 -0.13528425991535187 1.6248103380203247
   mixamorig2:Head 1.0
vertex: 309
0.04087718203663826 -0.13941319286823273 1.6256420612335205
   mixamorig2:Head 1.0
vertex: 310
0.048718441277742386 -0.138935387134552 1.6240524053573608
   mixamorig2:Head 1.0
vertex: 311
0.04405688866972923 -0.13827161490917206 1.6237919330596924
   mixamorig2:Head 1.0
vertex: 312
0.04551243036985397 -0.13448135554790497 1.6224874258041382
   mixamorig2:Head 1.0
vertex: 313
0.04153604432940483 -0.1336367428302765 1.6229948997497559
   mixamorig2:Head 1.0
vertex: 314
0.03977174311876297 -0.13786445558071136 1.6247763633728027
   mixamorig2:Head 1.0
vertex: 315
0.03543757274746895 -0.13671721518039703 1.6254884004592896
   mixamorig2:Head 1.0
vertex: 316
0.032659441232681274 -0.14000830054283142 1.6269383430480957
   mixamorig2:Head 1.0
vertex: 317
0.040284302085638046 -0.14346690475940704 1.6302661895751953
   mixamorig2:Head 1.0
vertex: 318
0.04218509420752525 -0.14067231118679047 1.6270115375518799
   mixamorig2:Head 1.0
vertex: 319
0.037299152463674545 -0.1408667415380478 1.6272300481796265
   mixamorig2:Head 1.0
vertex: 320
0.03483792394399643 -0.14321404695510864 1.6300157308578491
   mixamorig2:Head 1.0
vertex: 321
0.04693793132901192 -0.14118941128253937 1.6272032260894775
   mixamorig2:Head 1.0
vertex: 322
0.03857291117310524 -0.142203688621521 1.6286169290542603
   mixamorig2:Head 1.0
vertex: 323
0.045456092804670334 -0.13965974748134613 1.625352382659912
   mixamorig2:Head 1.0
vertex: 324
0.042754873633384705 -0.13633032143115997 1.6229740381240845
   mixamorig2:Head 1.0
vertex: 325
0.03634238243103027 -0.13923515379428864 1.6260662078857422
   mixamorig2:Head 1.0
vertex: 326
0.0411980040371418 -0.13560867309570312 1.624202847480774
   mixamorig2:Head 1.0
vertex: 327
0.02618997171521187 -0.13718046247959137 1.6250940561294556
   mixamorig2:Head 1.0
vertex: 328
0.04250927269458771 -0.14341677725315094 1.6299887895584106
   mixamorig2:Head 1.0
vertex: 329
0.02764231152832508 -0.14599546790122986 1.630275845527649
   mixamorig2:Head 1.0
vertex: 330
0.02692193165421486 -0.1419055163860321 1.6275978088378906
   mixamorig2:Head 1.0
vertex: 331
0.03507515415549278 -0.14430995285511017 1.6303963661193848
   mixamorig2:Head 1.0
vertex: 332
0.0417439341545105 -0.139677032828331 1.6268460750579834
   mixamorig2:Head 1.0
vertex: 333
0.03372889384627342 -0.13647009432315826 1.625614881515503
   mixamorig2:Head 1.0
vertex: 334
0.034409333020448685 -0.14098064601421356 1.6266475915908813
   mixamorig2:Head 1.0
vertex: 335
0.0421283021569252 -0.1413070559501648 1.6285557746887207
   mixamorig2:Head 1.0
vertex: 336
0.038089241832494736 -0.1404636651277542 1.6264811754226685
   mixamorig2:Head 1.0
vertex: 337
0.041361164301633835 -0.13800646364688873 1.6251659393310547
   mixamorig2:Head 1.0
vertex: 338
0.037375401705503464 -0.13609538972377777 1.6248819828033447
   mixamorig2:Head 1.0
vertex: 339
0.03407523036003113 -0.1391707807779312 1.6255974769592285
   mixamorig2:Head 1.0
vertex: 340
0.02998965233564377 -0.13682496547698975 1.6256147623062134
   mixamorig2:Head 1.0
vertex: 341
0.026558421552181244 -0.13979114592075348 1.6262201070785522
   mixamorig2:Head 1.0
vertex: 342
0.031357862055301666 -0.14475752413272858 1.630608081817627
   mixamorig2:Head 1.0
vertex: 343
0.034736812114715576 -0.14255928993225098 1.628296971321106
   mixamorig2:Head 1.0
vertex: 344
0.030668850988149643 -0.1412736177444458 1.6271271705627441
   mixamorig2:Head 1.0
vertex: 345
0.027280941605567932 -0.14373289048671722 1.629070520401001
   mixamorig2:Head 1.0
vertex: 346
0.03879283368587494 -0.14386212825775146 1.6301724910736084
   mixamorig2:Head 1.0
vertex: 347
0.03100436180830002 -0.14289827644824982 1.6287299394607544
   mixamorig2:Head 1.0
vertex: 348
0.038440752774477005 -0.14203469455242157 1.6281886100769043
   mixamorig2:Head 1.0
vertex: 349
0.03773363307118416 -0.13870128989219666 1.6252564191818237
   mixamorig2:Head 1.0
vertex: 350
0.030336961150169373 -0.13947045803070068 1.6259572505950928
   mixamorig2:Head 1.0
vertex: 351
0.03645211458206177 -0.13637273013591766 1.6253392696380615
   mixamorig2:Head 1.0
vertex: 352
0.02151860110461712 -0.1368905007839203 1.62318754196167
   mixamorig2:Head 1.0
vertex: 353
0.036376334726810455 -0.14460477232933044 1.6306850910186768
   mixamorig2:Head 1.0
vertex: 354
0.02107401005923748 -0.14764155447483063 1.6276650428771973
   mixamorig2:Head 1.0
vertex: 355
0.02109653130173683 -0.14226602017879486 1.6255712509155273
   mixamorig2:Head 1.0
vertex: 356
0.028722580522298813 -0.14568783342838287 1.63003408908844
   mixamorig2:Head 1.0
vertex: 357
0.03641564026474953 -0.14065983891487122 1.6279182434082031
   mixamorig2:Head 1.0
vertex: 358
0.028721921145915985 -0.13673795759677887 1.625475525856018
   mixamorig2:Head 1.0
vertex: 359
0.028902970254421234 -0.14197883009910583 1.6265034675598145
   mixamorig2:Head 1.0
vertex: 360
0.036392971873283386 -0.14240305125713348 1.6294019222259521
   mixamorig2:Head 1.0
vertex: 361
0.03269641101360321 -0.14115695655345917 1.6271536350250244
   mixamorig2:Head 1.0
vertex: 362
0.03643781319260597 -0.13886336982250214 1.6264623403549194
   mixamorig2:Head 1.0
vertex: 363
0.032573893666267395 -0.13658273220062256 1.6257405281066895
   mixamorig2:Head 1.0
vertex: 364
0.028860371559858322 -0.13975074887275696 1.6255853176116943
   mixamorig2:Head 1.0
vertex: 365
0.0249546617269516 -0.13683967292308807 1.6245445013046265
   mixamorig2:Head 1.0
vertex: 366
0.021271761506795883 -0.13957825303077698 1.6244044303894043
   mixamorig2:Head 1.0
vertex: 367
0.0249016210436821 -0.14722324907779694 1.6284830570220947
   mixamorig2:Head 1.0
vertex: 368
0.028854750096797943 -0.14374005794525146 1.6281075477600098
   mixamorig2:Head 1.0
vertex: 369
0.025035681203007698 -0.14257238805294037 1.625502586364746
   mixamorig2:Head 1.0
vertex: 370
0.02108527161180973 -0.14495378732681274 1.6266181468963623
   mixamorig2:Head 1.0
vertex: 371
0.03254710137844086 -0.14473538100719452 1.630581021308899
   mixamorig2:Head 1.0
vertex: 372
0.02500125952064991 -0.14497201144695282 1.6267732381820679
   mixamorig2:Head 1.0
vertex: 373
0.032652612775564194 -0.14284741878509521 1.6287353038787842
   mixamorig2:Head 1.0
vertex: 374
0.0326727032661438 -0.13930009305477142 1.6259907484054565
   mixamorig2:Head 1.0
vertex: 375
0.025004170835018158 -0.13981099426746368 1.6247920989990234
   mixamorig2:Head 1.0
vertex: 376
0.030805720016360283 -0.13807114958763123 1.6259078979492188
   mixamorig2:Head 1.0
vertex: 377
0.01912297122180462 -0.13524159789085388 1.621238112449646
   mixamorig2:Head 1.0
vertex: 378
0.027886101976037025 -0.1445387303829193 1.629517912864685
   mixamorig2:Head 1.0
vertex: 379
0.015004952438175678 -0.14139987528324127 1.6249964237213135
   mixamorig2:Head 1.0
vertex: 380
0.01732052117586136 -0.13839590549468994 1.6231318712234497
   mixamorig2:Head 1.0
vertex: 381
0.02133992128074169 -0.14293812215328217 1.6272125244140625
   mixamorig2:Head 1.0
vertex: 382
0.029348481446504593 -0.14130568504333496 1.6277711391448975
   mixamorig2:Head 1.0
vertex: 383
0.024507051333785057 -0.1364915668964386 1.6240813732147217
   mixamorig2:Head 1.0
vertex: 384
0.023171471431851387 -0.1402985006570816 1.6247596740722656
   mixamorig2:Head 1.0
vertex: 385
0.028617270290851593 -0.14292220771312714 1.6286442279815674
   mixamorig2:Head 1.0
vertex: 386
0.02617073245346546 -0.14092639088630676 1.6260695457458496
   mixamorig2:Head 1.0
vertex: 387
0.030078312382102013 -0.13968876004219055 1.6268668174743652
   mixamorig2:Head 1.0
vertex: 388
0.027490202337503433 -0.1372556835412979 1.6251014471054077
   mixamorig2:Head 1.0
vertex: 389
0.023922789841890335 -0.1385432630777359 1.6242302656173706
   mixamorig2:Head 1.0
vertex: 390
0.02184397168457508 -0.13581819832324982 1.6229686737060547
   mixamorig2:Head 1.0
vertex: 391
0.01835184171795845 -0.1368556022644043 1.6222084760665894
   mixamorig2:Head 1.0
vertex: 392
0.018200602382421494 -0.1421584039926529 1.6261613368988037
   mixamorig2:Head 1.0
vertex: 393
0.022294702008366585 -0.14176246523857117 1.6257282495498657
   mixamorig2:Head 1.0
vertex: 394
0.020357690751552582 -0.13945506513118744 1.6239756345748901
   mixamorig2:Head 1.0
vertex: 395
0.016151592135429382 -0.1398954689502716 1.6240493059158325
   mixamorig2:Head 1.0
vertex: 396
0.024562951177358627 -0.14373064041137695 1.6283634901046753
   mixamorig2:Head 1.0
vertex: 397
0.019307442009449005 -0.14091145992279053 1.6248804330825806
   mixamorig2:Head 1.0
vertex: 398
0.02539188042283058 -0.14243502914905548 1.627036213874817
   mixamorig2:Head 1.0
vertex: 399
0.026875890791416168 -0.13920089602470398 1.6254345178604126
   mixamorig2:Head 1.0
vertex: 400
0.02123396098613739 -0.13776390254497528 1.6233630180358887
   mixamorig2:Head 1.0
vertex: 401
0.026072021573781967 -0.13749819993972778 1.6250498294830322
   mixamorig2:Head 1.0
vertex: 402
0.01804277114570141 -0.13492941856384277 1.6197189092636108
   mixamorig2:Head 1.0
vertex: 403
0.024703651666641235 -0.1392473429441452 1.6264970302581787
   mixamorig2:Head 1.0
vertex: 404
0.01598191261291504 -0.13631132245063782 1.6215691566467285
   mixamorig2:Head 1.0
vertex: 405
0.017145521938800812 -0.13566681742668152 1.6206984519958496
   mixamorig2:Head 1.0
vertex: 406
0.020447561517357826 -0.13736310601234436 1.62507164478302
   mixamorig2:Head 1.0
vertex: 407
0.025362370535731316 -0.13836824893951416 1.6258095502853394
   mixamorig2:Head 1.0
vertex: 408
0.02229672111570835 -0.13565313816070557 1.6230885982513428
   mixamorig2:Head 1.0
vertex: 409
0.021541742607951164 -0.13715527951717377 1.6237722635269165
   mixamorig2:Head 1.0
vertex: 410
0.02503558062016964 -0.13880561292171478 1.6261342763900757
   mixamorig2:Head 1.0
vertex: 411
0.023330310359597206 -0.13772715628147125 1.6248247623443604
   mixamorig2:Head 1.0
vertex: 412
0.025704940780997276 -0.13793393969535828 1.6254639625549316
   mixamorig2:Head 1.0
vertex: 413
0.0240091010928154 -0.1363822966814041 1.6242533922195435
   mixamorig2:Head 1.0
vertex: 414
0.02198874205350876 -0.1365681141614914 1.6233265399932861
   mixamorig2:Head 1.0
vertex: 415
0.020402880385518074 -0.1353299468755722 1.6218018531799316
   mixamorig2:Head 1.0
vertex: 416
0.01761809177696705 -0.13530972599983215 1.6202126741409302
   mixamorig2:Head 1.0
vertex: 417
0.018643341958522797 -0.1369018256664276 1.6235071420669556
   mixamorig2:Head 1.0
vertex: 418
0.02102407068014145 -0.13741780817508698 1.6243714094161987
   mixamorig2:Head 1.0
vertex: 419
0.019635090604424477 -0.13662704825401306 1.6224802732467651
   mixamorig2:Head 1.0
vertex: 420
0.016604190692305565 -0.13599780201911926 1.6211539506912231
   mixamorig2:Head 1.0
vertex: 421
0.02248051017522812 -0.13816307485103607 1.6259690523147583
   mixamorig2:Head 1.0
vertex: 422
0.019264191389083862 -0.13689053058624268 1.622886061668396
   mixamorig2:Head 1.0
vertex: 423
0.02293205074965954 -0.13805605471134186 1.6253106594085693
   mixamorig2:Head 1.0
vertex: 424
0.023694142699241638 -0.1371704638004303 1.624480962753296
   mixamorig2:Head 1.0
vertex: 425
0.02001081220805645 -0.13610903918743134 1.622128963470459
   mixamorig2:Head 1.0
vertex: 426
0.017384862527251244 -0.13540448248386383 1.6170542240142822
   mixamorig2:Head 1.0
vertex: 427
0.031048491597175598 -0.13728557527065277 1.615127682685852
   mixamorig2:Head 1.0
vertex: 428
0.016818290576338768 -0.13815626502037048 1.615828514099121
   mixamorig2:Head 1.0
vertex: 429
0.030490092933177948 -0.13996435701847076 1.6138737201690674
   mixamorig2:Head 1.0
vertex: 430
0.030769292265176773 -0.13862496614456177 1.614500641822815
   mixamorig2:Head 1.0
vertex: 431
0.023667870089411736 -0.13887232542037964 1.6150988340377808
   mixamorig2:Head 1.0
vertex: 432
0.017103591933846474 -0.1367623656988144 1.6164344549179077
   mixamorig2:Head 1.0
vertex: 433
0.024202801287174225 -0.13612250983715057 1.61625075340271
   mixamorig2:Head 1.0
vertex: 434
0.023976679891347885 -0.13756373524665833 1.6159415245056152
   mixamorig2:Head 1.0
vertex: 435
0.016961362212896347 -0.1374555230140686 1.6161298751831055
   mixamorig2:Head 1.0
vertex: 436
0.020559512078762054 -0.1370917409658432 1.6161799430847168
   mixamorig2:Head 1.0
vertex: 437
0.017244791612029076 -0.13607831299304962 1.6167422533035278
   mixamorig2:Head 1.0
vertex: 438
0.020799949765205383 -0.13566842675209045 1.6165618896484375
   mixamorig2:Head 1.0
vertex: 439
0.024100111797451973 -0.13686072826385498 1.61616051197052
   mixamorig2:Head 1.0
vertex: 440
0.027609292417764664 -0.13680993020534515 1.6156823635101318
   mixamorig2:Head 1.0
vertex: 441
0.030908890068531036 -0.13795527815818787 1.6148141622543335
   mixamorig2:Head 1.0
vertex: 442
0.02707125060260296 -0.13950690627098083 1.61451256275177
   mixamorig2:Head 1.0
vertex: 443
0.023832600563764572 -0.13823473453521729 1.6155869960784912
   mixamorig2:Head 1.0
vertex: 444
0.02737061120569706 -0.13821889460086823 1.6152920722961426
   mixamorig2:Head 1.0
vertex: 445
0.03062969073653221 -0.13929465413093567 1.6141871213912964
   mixamorig2:Head 1.0
vertex: 446
0.02025502175092697 -0.13842478394508362 1.615419626235962
   mixamorig2:Head 1.0
vertex: 447
0.027228480204939842 -0.13887880742549896 1.614950180053711
   mixamorig2:Head 1.0
vertex: 448
0.02041524089872837 -0.13776996731758118 1.615846872329712
   mixamorig2:Head 1.0
vertex: 449
0.02068777196109295 -0.13639186322689056 1.616416573524475
   mixamorig2:Head 1.0
vertex: 450
0.02749757096171379 -0.1375291794538498 1.6155357360839844
   mixamorig2:Head 1.0
vertex: 451
0.021727802231907845 -0.1367703080177307 1.6165488958358765
   mixamorig2:Head 1.0
vertex: 452
0.03636106476187706 -0.136365607380867 1.6145908832550049
   mixamorig2:Head 1.0
vertex: 453
0.02146040089428425 -0.14173728227615356 1.6141897439956665
   mixamorig2:Head 1.0
vertex: 454
0.03609367087483406 -0.1413063257932663 1.6119239330291748
   mixamorig2:Head 1.0
vertex: 455
0.03622736409306526 -0.13883596658706665 1.6132574081420898
   mixamorig2:Head 1.0
vertex: 456
0.028777040541172028 -0.14152181148529053 1.6130568981170654
   mixamorig2:Head 1.0
vertex: 457
0.021594101563096046 -0.13926036655902863 1.615465760231018
   mixamorig2:Head 1.0
vertex: 458
0.02897409163415432 -0.13651901483535767 1.6153783798217773
   mixamorig2:Head 1.0
vertex: 459
0.029035300016403198 -0.13949373364448547 1.615162968635559
   mixamorig2:Head 1.0
vertex: 460
0.021527251228690147 -0.14050209522247314 1.6148453950881958
   mixamorig2:Head 1.0
vertex: 461
0.02534584142267704 -0.13944686949253082 1.6157838106155396
   mixamorig2:Head 1.0
vertex: 462
0.021660951897501945 -0.13801133632659912 1.6158839464187622
   mixamorig2:Head 1.0
vertex: 463
0.025333359837532043 -0.13655811548233032 1.6159613132476807
   mixamorig2:Head 1.0
vertex: 464
0.029044631868600845 -0.1381201595067978 1.615518569946289
   mixamorig2:Head 1.0
vertex: 465
0.032649993896484375 -0.1364452987909317 1.6148219108581543
   mixamorig2:Head 1.0
vertex: 466
0.03629421442747116 -0.13760079443454742 1.6139240264892578
   mixamorig2:Head 1.0
vertex: 467
0.032435353845357895 -0.14141406118869781 1.6124905347824097
   mixamorig2:Head 1.0
vertex: 468
0.028946099802851677 -0.14062656462192535 1.6143349409103394
   mixamorig2:Head 1.0
vertex: 469
0.03266247361898422 -0.13927897810935974 1.6143635511398315
   mixamorig2:Head 1.0
vertex: 470
0.03616052120923996 -0.14007115364074707 1.6125907897949219
   mixamorig2:Head 1.0
vertex: 471
0.025118721649050713 -0.14162954688072205 1.6136544942855835
   mixamorig2:Head 1.0
vertex: 472
0.03257886320352554 -0.14043384790420532 1.6136038303375244
   mixamorig2:Head 1.0
vertex: 473
0.02526223100721836 -0.14063763618469238 1.6148782968521118
   mixamorig2:Head 1.0
vertex: 474
0.02536955289542675 -0.13807979226112366 1.6162550449371338
   mixamorig2:Head 1.0
vertex: 475
0.03268618509173393 -0.13794945180416107 1.6147695779800415
   mixamorig2:Head 1.0
vertex: 476
0.0272536501288414 -0.13731437921524048 1.6154861450195312
   mixamorig2:Head 1.0
vertex: 477
0.04071006923913956 -0.1330229640007019 1.6156690120697021
   mixamorig2:Head 1.0
vertex: 478
0.028564071282744408 -0.14373716711997986 1.612996220588684
   mixamorig2:Head 1.0
vertex: 479
0.04309497028589249 -0.13912884891033173 1.613179087638855
   mixamorig2:Head 1.0
vertex: 480
0.04190251976251602 -0.13607589900493622 1.6144241094589233
   mixamorig2:Head 1.0
vertex: 481
0.036098141223192215 -0.14172157645225525 1.6128356456756592
   mixamorig2:Head 1.0
vertex: 482
0.02790885977447033 -0.14052577316761017 1.614241123199463
   mixamorig2:Head 1.0
vertex: 483
0.03376373276114464 -0.13570110499858856 1.6149417161941528
   mixamorig2:Head 1.0
vertex: 484
0.03498055413365364 -0.13895048201084137 1.6146830320358276
   mixamorig2:Head 1.0
vertex: 485
0.028236471116542816 -0.1421314775943756 1.6136186122894287
   mixamorig2:Head 1.0
vertex: 486
0.03146342188119888 -0.1401764154434204 1.6144883632659912
   mixamorig2:Head 1.0
vertex: 487
0.02758125215768814 -0.13892006874084473 1.6148635149002075
   mixamorig2:Head 1.0
vertex: 488
0.030252691358327866 -0.13697613775730133 1.6149935722351074
   mixamorig2:Head 1.0
vertex: 489
0.03438454121351242 -0.13738559186458588 1.6150109767913818
   mixamorig2:Head 1.0
vertex: 490
0.037249524146318436 -0.1343833953142166 1.6152094602584839
   mixamorig2:Head 1.0
vertex: 491
0.04130629450082779 -0.13454943895339966 1.6150466203689575
   mixamorig2:Head 1.0
vertex: 492
0.0395965613424778 -0.14042522013187408 1.6130073070526123
   mixamorig2:Head 1.0
vertex: 493
0.03555174544453621 -0.14039582014083862 1.6139577627182007
   mixamorig2:Head 1.0
vertex: 494
0.038460250943899155 -0.1375836580991745 1.6147041320800781
   mixamorig2:Head 1.0
vertex: 495
0.042498745024204254 -0.13760237395763397 1.6138017177581787
   mixamorig2:Head 1.0
vertex: 496
0.03259973227977753 -0.1430179625749588 1.6127915382385254
   mixamorig2:Head 1.0
vertex: 497
0.03903770074248314 -0.13904927670955658 1.6140046119689941
   mixamorig2:Head 1.0
vertex: 498
0.03204087167978287 -0.1416420191526413 1.6137888431549072
   mixamorig2:Head 1.0
vertex: 499
0.030867351219058037 -0.13862110674381256 1.6148897409439087
   mixamorig2:Head 1.0
vertex: 500
0.03786418214440346 -0.13602836430072784 1.6151057481765747
   mixamorig2:Head 1.0
vertex: 501
0.032168932259082794 -0.13665126264095306 1.6148005723953247
   mixamorig2:Head 1.0
vertex: 502
0.04414550960063934 -0.1306922733783722 1.6167528629302979
   mixamorig2:Head 1.0
vertex: 503
0.03559884428977966 -0.142488032579422 1.6118602752685547
   mixamorig2:Head 1.0
vertex: 504
0.04757542535662651 -0.13652905821800232 1.6140018701553345
   mixamorig2:Head 1.0
vertex: 505
0.04586046561598778 -0.13361066579818726 1.6154720783233643
   mixamorig2:Head 1.0
vertex: 506
0.04158712178468704 -0.13950854539871216 1.6129311323165894
   mixamorig2:Head 1.0
vertex: 507
0.03388388082385063 -0.13956965506076813 1.6133304834365845
   mixamorig2:Head 1.0
vertex: 508
0.038243550807237625 -0.1336485892534256 1.615213394165039
   mixamorig2:Head 1.0
vertex: 509
0.039951641112565994 -0.1370750367641449 1.6152024269104004
   mixamorig2:Head 1.0
vertex: 510
0.0347413644194603 -0.14102885127067566 1.6125953197479248
   mixamorig2:Head 1.0
vertex: 511
0.03693763166666031 -0.13844357430934906 1.6145445108413696
   mixamorig2:Head 1.0
vertex: 512
0.033026400953531265 -0.1381104588508606 1.6140655279159546
   mixamorig2:Head 1.0
vertex: 513
0.03522782400250435 -0.13514412939548492 1.6148366928100586
   mixamorig2:Head 1.0
vertex: 514
0.03910667076706886 -0.1354859322309494 1.6154990196228027
   mixamorig2:Head 1.0
vertex: 515
0.04121611267328262 -0.13216464221477509 1.6159074306488037
   mixamorig2:Head 1.0
vertex: 516
0.04500299319624901 -0.13215146958827972 1.6161994934082031
   mixamorig2:Head 1.0
vertex: 517
0.04458127170801163 -0.13801880180835724 1.6134666204452515
   mixamorig2:Head 1.0
vertex: 518
0.04077846184372902 -0.13841591775417328 1.6144132614135742
   mixamorig2:Head 1.0
vertex: 519
0.04292592406272888 -0.13546407222747803 1.6156152486801147
   mixamorig2:Head 1.0
vertex: 520
0.046717941761016846 -0.1350698620080948 1.6147370338439941
   mixamorig2:Head 1.0
vertex: 521
0.03859298303723335 -0.14099828898906708 1.6123957633972168
   mixamorig2:Head 1.0
vertex: 522
0.043760403990745544 -0.136834517121315 1.6147619485855103
   mixamorig2:Head 1.0
vertex: 523
0.03777211159467697 -0.13981401920318604 1.6136910915374756
   mixamorig2:Head 1.0
vertex: 524
0.03608953207731247 -0.13688693940639496 1.614867091178894
   mixamorig2:Head 1.0
vertex: 525
0.042077820748090744 -0.13390745222568512 1.6159379482269287
   mixamorig2:Head 1.0
vertex: 526
0.03773273155093193 -0.1356673538684845 1.6152291297912598
   mixamorig2:Head 1.0
vertex: 527
0.04542211443185806 -0.12765127420425415 1.6182003021240234
   mixamorig2:Head 1.0
vertex: 528
0.04159536957740784 -0.1383739709854126 1.612906575202942
   mixamorig2:Head 1.0
vertex: 529
0.04957394301891327 -0.12998461723327637 1.6160736083984375
   mixamorig2:Head 1.0
vertex: 530
0.04735343158245087 -0.1290045976638794 1.6170392036437988
   mixamorig2:Head 1.0
vertex: 531
0.045794568955898285 -0.13390833139419556 1.614632248878479
   mixamorig2:Head 1.0
vertex: 532
0.03966405242681503 -0.13702066242694855 1.614067792892456
   mixamorig2:Head 1.0
vertex: 533
0.041861239820718765 -0.13123491406440735 1.616133689880371
   mixamorig2:Head 1.0
vertex: 534
0.04393203184008598 -0.133161723613739 1.6161675453186035
   mixamorig2:Head 1.0
vertex: 535
0.04062971472740173 -0.13769730925559998 1.6134872436523438
   mixamorig2:Head 1.0
vertex: 536
0.041952282190322876 -0.135065957903862 1.6155229806900024
   mixamorig2:Head 1.0
vertex: 537
0.03869839385151863 -0.13634400069713593 1.6146483421325684
   mixamorig2:Head 1.0
vertex: 538
0.03992348164319992 -0.13327334821224213 1.6157926321029663
   mixamorig2:Head 1.0
vertex: 539
0.04291745647788048 -0.13235259056091309 1.6163798570632935
   mixamorig2:Head 1.0
vertex: 540
0.043536003679037094 -0.1295650154352188 1.6169319152832031
   mixamorig2:Head 1.0
vertex: 541
0.04634643346071243 -0.12838131189346313 1.6175918579101562
   mixamorig2:Head 1.0
vertex: 542
0.047608621418476105 -0.13204409182071686 1.6153017282485962
   mixamorig2:Head 1.0
vertex: 543
0.04489162191748619 -0.13367959856987 1.6156821250915527
   mixamorig2:Head 1.0
vertex: 544
0.04557931050658226 -0.13133889436721802 1.6166720390319824
   mixamorig2:Head 1.0
vertex: 545
0.048435989767313004 -0.12953034043312073 1.6165375709533691
   mixamorig2:Head 1.0
vertex: 546
0.043747011572122574 -0.1360739767551422 1.613804578781128
   mixamorig2:Head 1.0
vertex: 547
0.046598050743341446 -0.13182207942008972 1.6161820888519287
   mixamorig2:Head 1.0
vertex: 548
0.042878903448581696 -0.1356680542230606 1.6148449182510376
   mixamorig2:Head 1.0
vertex: 549
0.04096714407205582 -0.13426773250102997 1.615838885307312
   mixamorig2:Head 1.0
vertex: 550
0.04455263540148735 -0.13059428334236145 1.6169599294662476
   mixamorig2:Head 1.0
